10344
20011
12424
12437
23345
23339
23336
23342
28226
10350
10352
12426
10342
20014
10348
10346
23242
10334
10332
10330
10340
10338
10336
12422
10392
25775
13263
11095
13265
13267
13269
13271
4151
27676
27662
2862
5312
1317
890
891
5620
5626
43
1357
1371
9143
9290
9297
9304
9380
4129
4798
12377
1111
3100
9183
9463
1211
1227
5676
5694
810
823
816
5633
5640
23270
28211
1161
2613
2605
13020
13022
3200
11375
11407
11410
11412
10296
10298
10300
10302
10304
829
19578
835
5646
5652
1199
2611
2603
867
875
5659
5666
1301
1430
1145
1271
1123
2607
23392
23395
23398
23401
23404
2599
1073
2609
2601
1091
3475
3474
1331
29458
13012
13014
7334
7340
7346
7352
7358
1245
1259
5712
5726
1183
1287
804
13016
13018
1345
2361
9429
4823
449
7198
12430
11463
11461
3038
3036
3034
3032
12881
4708
4860
4714
4878
4712
4872
4710
4866
1397
573
556
1438
5527
4436
29993
20056
5767
21347
21326
21332
21334
21336
21350
21338
21316
25849
25853
25851
25855
25857
21318
21352
21320
21322
21324
1595
1478
22557
21160
21163
1729
23309
19707
6585
1704
10362
10354
11964
1712
11978
1727
